time: 0
3 1 1
3 2 1
3 3 1
time: 100000000
3 1 1000000
3 2 1000000
3 3 1000000
time: 200000000
3 1 1000000
3 2 1000000
3 3 1000000
time: 300000000
3 1 1000000
3 2 1000000
3 3 1000000
time: 400000000
3 1 1000000
3 2 1000000
3 3 1000000
time: 500000000
3 1 1000000
3 2 1000000
3 3 1000000
time: 600000000
3 1 1000000
3 2 1000000
3 3 1000000
time: 700000000
3 1 1000000
3 2 1000000
3 3 1000000
time: 800000000
3 1 1000000
3 2 1000000
3 3 1000000
time: 900000000
3 1 1000000
3 2 1000000
3 3 1000000
time: 1000000000
3 1 1000000
3 2 1000000
3 3 1000000
time: 1100000000
3 1 1000000
3 2 1000000
3 3 772380 226020 224 17 18 17 17 18 17 18 17 30 0 180 40 90 20 50 18 34 19 33 18 26 0 19 24 18 26 17 17 19 26 17 26 17 0 17 19 25 18 25 19 26 17 26 18 25 0 19 25 19 33 20 50 20 32
time: 1200000000
3 1 1000000
3 2 1000000
3 3 773880 226120
time: 1300000000
3 1 1000000
3 2 1000000
3 3 774299 225701
time: 1400000000
3 1 1000000
3 2 1000000
3 3 772692 227308
time: 1500000000
3 1 1000000
3 2 1000000
3 3 774569 225431
time: 1600000000
3 1 1000000
3 2 1000000
3 3 775339 224661
time: 1700000000
3 1 1000000
3 2 1000000
3 3 774888 225112
time: 1800000000
3 1 1000000
3 2 1000000
3 3 774139 225861
time: 1900000000
3 1 1000000
3 2 1000000
3 3 774906 225094
time: 2000000000
3 1 1000000
3 2 1000000
3 3 774277 225723
time: 2100000000
3 1 1000000
3 2 1000000
3 3 774404 225596
time: 2200000000
3 1 1000000
3 2 1000000
3 3 774069 225931
time: 2300000000
3 1 1000000
3 2 1000000
3 3 773930 226070
time: 2400000000
3 1 1000000
3 2 1000000
3 3 833872 166128
time: 2500000000
3 1 1000000
3 2 1000000
3 3 922579 77421
time: 2600000000
3 1 1000000
3 2 1000000
3 3 925417 74583
time: 2700000000
3 1 1000000
3 2 1000000
3 3 873960 126040
time: 2800000000
3 1 1000000
3 2 1000000
3 3 936355 63645
time: 2900000000
3 1 1000000
3 2 1000000
3 3 973683 26317
time: 3000000000
3 1 1000000
3 2 1000000
3 3 1000000
time: 3100000000
3 1 1000000
3 2 1000000
3 3 1000000
time: 3200000000
3 1 1000000
3 2 1000000
3 3 1000000
time: 3300000000
3 1 1000000
3 2 1000000
3 3 1000000
time: 3400000000
3 1 1000000
3 2 1000000
3 3 1000000
time: 3500000000
3 1 1000000
3 2 1000000
3 3 1000000
time: 3600000000
3 1 1000000
3 2 1000000
3 3 1000000
time: 3700000000
3 1 1000000
3 2 1000000
3 3 1000000
time: 3800000000
3 1 1000000
3 2 1000000
3 3 1000000
time: 3900000000
3 1 1000000
3 2 1000000
3 3 1000000
time: 4000000000
3 1 1000000
3 2 1000000
3 3 1000000
time: 4100000000
3 1 1000000
3 2 1000000
3 3 1000000
time: 4200000000
3 1 1000000
3 2 1000000
3 3 1000000
time: 4300000000
3 1 1000000
3 2 1000000
3 3 1000000
time: 4400000000
3 1 1000000
3 2 1000000
3 3 1000000
time: 4500000000
3 1 1000000
3 2 1000000
3 3 1000000
time: 4600000000
3 1 1000000
3 2 1000000
3 3 1000000
time: 4700000000
3 1 1000000
3 2 1000000
3 3 1000000
time: 4800000000
3 1 1000000
3 2 1000000
3 3 1000000
time: 4900000000
3 1 1000000
3 2 1000000
3 3 1000000
time: 5000000000
3 1 1000000
3 2 1000000
3 3 1000000
time: 5100000000
3 1 1000000
3 2 1000000
3 3 1000000
time: 5200000000
3 1 1000000
3 2 1000000
3 3 1000000
time: 5300000000
3 1 1000000
3 2 1000000
3 3 1000000
time: 5400000000
3 1 1000000
3 2 1000000
3 3 1000000
time: 5500000000
3 1 1000000
3 2 1000000
3 3 1000000
time: 5600000000
3 1 1000000
3 2 1000000
3 3 1000000
time: 5700000000
3 1 1000000
3 2 1000000
3 3 1000000
time: 5800000000
3 1 1000000
3 2 1000000
3 3 1000000
time: 5900000000
3 1 1000000
3 2 1000000
3 3 1000000
