time: 0
3 1 1
3 2 1
3 3 1
time: 100000000
3 1 1000000
3 2 1000000
3 3 1000000
time: 200000000
3 1 1000000
3 2 1000000
3 3 1000000
time: 300000000
3 1 1000000
3 2 1000000
3 3 1000000
time: 400000000
3 1 1000000
3 2 1000000
3 3 1000000
time: 500000000
3 1 1000000
3 2 1000000
3 3 1000000
time: 600000000
3 1 1000000
3 2 1000000
3 3 1000000
time: 700000000
3 1 1000000
3 2 1000000
3 3 1000000
time: 800000000
3 1 1000000
3 2 1000000
3 3 1000000
time: 900000000
3 1 1000000
3 2 1000000
3 3 1000000
time: 1000000000
3 1 1000000
3 2 1000000
3 3 1000000
time: 1100000000
3 1 1000000
3 2 1000000
3 3 998920 37 164 16 18 18 17 17 18 18 16 18 0 18 16 18 18 18 16 18 18 16 18 18 0 18 16 18 18 16 18 18 18 16 18 18 0 16 18 19 24 18 18 17 17 18 17 17 0 18 18 17 17 18 17 17 18
time: 1200000000
3 1 1000000
3 2 1000000
3 3 1000000
time: 1300000000
3 1 1000000
3 2 1000000
3 3 1000000
time: 1400000000
3 1 1000000
3 2 1000000
3 3 1000000
time: 1500000000
3 1 1000000
3 2 1000000
3 3 1000000
time: 1600000000
3 1 1000000
3 2 1000000
3 3 1000000
time: 1700000000
3 1 1000000
3 2 1000000
3 3 771792 224302 611 708 442 272 320 152 124 136 263 210 0 130 160 65 45 35 56 77 61 30 9
time: 1800000000
3 1 1000000
3 2 1000000
3 3 773899 226101
time: 1900000000
3 1 1000000
3 2 1000000
3 3 774254 225746
time: 2000000000
3 1 1000000
3 2 1000000
3 3 774437 225563
time: 2100000000
3 1 1000000
3 2 1000000
3 3 774019 225981
time: 2200000000
3 1 1000000
3 2 1000000
3 3 773997 226003
time: 2300000000
3 1 1000000
3 2 1000000
3 3 773896 226104
time: 2400000000
3 1 1000000
3 2 1000000
3 3 774073 225927
time: 2500000000
3 1 1000000
3 2 1000000
3 3 774152 225848
time: 2600000000
3 1 1000000
3 2 1000000
3 3 774473 225527
time: 2700000000
3 1 1000000
3 2 1000000
3 3 773953 226047
time: 2800000000
3 1 1000000
3 2 1000000
3 3 774332 225668
time: 2900000000
3 1 1000000
3 2 1000000
3 3 774299 225701
time: 3000000000
3 1 1000000
3 2 1000000
3 3 773800 226200
time: 3100000000
3 1 1000000
3 2 1000000
3 3 774238 225762
time: 3200000000
3 1 1000000
3 2 1000000
3 3 774068 225932
time: 3300000000
3 1 1000000
3 2 1000000
3 3 947693 52307
time: 3400000000
3 1 1000000
3 2 1000000
3 3 1000000
time: 3500000000
3 1 1000000
3 2 1000000
3 3 1000000
time: 3600000000
3 1 1000000
3 2 1000000
3 3 1000000
time: 3700000000
3 1 1000000
3 2 1000000
3 3 1000000
time: 3800000000
3 1 1000000
3 2 1000000
3 3 1000000
time: 3900000000
3 1 1000000
3 2 1000000
3 3 1000000
time: 4000000000
3 1 1000000
3 2 1000000
3 3 1000000
time: 4100000000
3 1 1000000
3 2 1000000
3 3 1000000
time: 4200000000
3 1 1000000
3 2 1000000
3 3 1000000
time: 4300000000
3 1 1000000
3 2 1000000
3 3 1000000
time: 4400000000
3 1 1000000
3 2 1000000
3 3 1000000
time: 4500000000
3 1 1000000
3 2 1000000
3 3 1000000
time: 4600000000
3 1 1000000
3 2 1000000
3 3 1000000
time: 4700000000
3 1 1000000
3 2 1000000
3 3 1000000
time: 4800000000
3 1 1000000
3 2 1000000
3 3 1000000
time: 4900000000
3 1 1000000
3 2 1000000
3 3 1000000
time: 5000000000
3 1 1000000
3 2 1000000
3 3 1000000
time: 5100000000
3 1 1000000
3 2 1000000
3 3 1000000
time: 5200000000
3 1 1000000
3 2 1000000
3 3 1000000
time: 5300000000
3 1 1000000
3 2 1000000
3 3 1000000
time: 5400000000
3 1 1000000
3 2 1000000
3 3 1000000
time: 5500000000
3 1 1000000
3 2 1000000
3 3 1000000
time: 5600000000
3 1 1000000
3 2 1000000
3 3 1000000
time: 5700000000
3 1 1000000
3 2 1000000
3 3 1000000
time: 5800000000
3 1 1000000
3 2 1000000
3 3 1000000
time: 5900000000
3 1 1000000
3 2 1000000
3 3 1000000
